0.01 0
0.0103172 0
0.0106445 0
0.0109822 0
0.0113305 0
0.01169 0
0.0120608 0
0.0124434 0
0.0128381 0
0.0132454 0
0.0136655 0
0.014099 0
0.0145463 0
0.0150077 0
0.0154838 0
0.015975 0
0.0164817 0
0.0170046 0
0.017544 0
0.0181005 0
0.0186747 0
0.0192671 0
0.0198783 0
0.0205088 0
0.0211594 0
0.0218306 0
0.0225232 0
0.0232376 0
0.0239748 0
0.0247353 0
0.02552 0
0.0263295 0
0.0271647 0
0.0280264 0
0.0289155 0
0.0298327 0
0.0307791 0
0.0317555 0
0.0327628 0
0.0338021 0
0.0348744 0
0.0359807 0
0.037122 0
0.0382996 0
0.0395146 0
0.040768 0
0.0420613 0
0.0433955 0
0.0447721 0
0.0461924 0
0.0476577 0
0.0491695 0
0.0507293 0
0.0523385 0
0.0539988 0
0.0557117 0
0.057479 0
0.0593023 0
0.0611835 0
0.0631244 0
0.0651268 0
0.0671928 0
0.0693242 0
0.0715233 0
0.0737922 0
0.076133 0
0.0785481 0
0.0810398 0
0.0836106 0
0.0862628 0
0.0889993 0
0.0918225 0
0.0947353 0
0.0977405 0
0.100841 0
0.10404 0
0.10734 0
0.110745 0
0.114258 0
0.117883 0
0.121622 0
0.12548 0
0.129461 0
0.133568 0
0.137805 0
0.142176 0
0.146686 0
0.151339 0
0.15614 0
0.161093 0
0.166203 0
0.171476 0
0.176915 0
0.182527 0
0.188317 0
0.194291 0
0.200454 0
0.206813 0
0.213374 0
0.220142 0
0.227126 0
0.234331 0
0.241764 0
0.249433 0
0.257346 0
0.265509 0
0.273932 0
0.282621 0
0.291587 0
0.300836 0
0.310379 0
0.320225 0
0.330383 0
0.340864 0
0.351677 0
0.362833 0
0.374342 0
0.386217 0
0.398469 0
0.411109 0
0.42415 0
0.437605 0
0.451487 0
0.465809 0
0.480585 0
0.49583 0
0.511559 0.0205235
0.527786 0.0803263
0.544529 0.148919
0.561802 0.231592
0.579624 0.314546
0.598011 0.394187
0.616981 0.458657
0.636552 0.504065
0.656745 0.534957
0.677578 0.538083
0.699072 0.508877
0.721248 0.486976
0.744128 0.545781
0.767733 0.598086
0.792087 0.678952
0.817213 0.739146
0.843137 0.764818
0.869883 0.770934
0.897477 0.757762
0.925947 0.722426
0.95532 0.643003
0.985625 0.538012
1.01689 0.408385
1.04915 0.330069
1.08243 0.246663
1.11677 0.140243
1.15219 0.149027
1.18874 0.241578
1.22645 0.345638
1.26536 0.448558
1.3055 0.520429
1.34691 0.536257
1.38964 0.483188
1.43372 0.400202
1.4792 0.322817
1.52612 0.225801
1.57453 0.150409
1.62448 0.164491
1.67601 0.248392
1.72918 0.301815
1.78403 0.291733
1.84062 0.287999
1.89901 0.329808
1.95925 0.312795
2.0214 0.220718
2.08553 0.128776
2.15168 0.125265
2.21994 0.161534
2.29036 0.224151
2.36301 0.302446
2.43797 0.287113
2.51531 0.118716
2.5951 0.0857712
2.67742 0.134357
2.76235 0.193696
2.84998 0.224291
2.94039 0.180707
3.03366 0.128483
3.1299 0.114514
3.22918 0.104151
3.33162 0.184944
3.4373 0.203148
3.54634 0.0851544
3.65884 0.0560504
3.77491 0.161816
3.89465 0.164862
4.0182 0.0848954
4.14566 0.0798489
4.27717 0.104578
4.41285 0.15825
4.55284 0.0745616
4.69726 0.0651882
4.84627 0.153361
5 0.0721831
